      0/99     2.19G   0.08094   0.00881         0   0.08975        30       640  0.005459  0.009777 0.0005674 8.641e-05   0.08935   0.01135         0
      1/99     2.23G   0.07094  0.008536         0   0.07947        17       640    0.0257   0.05168  0.004487 0.0007096   0.07969   0.01155         0
      2/99     2.23G     0.062   0.00952         0   0.07151        28       640   0.02918   0.08729  0.009374  0.001646   0.06929    0.0123         0
      3/99     2.23G    0.0548   0.01039         0   0.06519        27       640    0.3552    0.4232    0.2894   0.07328   0.05929   0.01133         0
      4/99     2.23G   0.05109  0.009477         0   0.06057        17       640    0.4109    0.5075    0.3729    0.1189   0.05469   0.01124         0
      5/99     2.23G   0.04956  0.009047         0   0.05861        24       640    0.5624    0.5733    0.5412    0.1826   0.05117   0.01045         0
      6/99     2.23G   0.04809  0.008231         0   0.05632        18       640    0.6752    0.5775     0.596    0.1957   0.05375  0.009456         0
      7/99     2.23G    0.0475  0.007975         0   0.05548        29       640    0.6322    0.6433    0.6189    0.1621   0.05497  0.009751         0
      8/99     2.23G   0.04619  0.007417         0    0.0536        11       640    0.5919    0.6711    0.5952    0.2701   0.04613  0.009473         0
      9/99     2.23G   0.04403  0.006739         0   0.05077        27       640    0.8452    0.7011    0.7742     0.314   0.04339  0.008809         0
     10/99     2.23G   0.04243  0.006274         0    0.0487        13       640     0.825    0.7193    0.7735    0.3639   0.04233  0.008659         0
     11/99     2.23G   0.04076  0.005956         0   0.04672        31       640    0.8141     0.757    0.8094    0.4168   0.04042  0.008094         0
     12/99     2.23G   0.04044  0.005893         0   0.04634        30       640     0.832    0.7828    0.8272    0.4402   0.03953  0.008088         0
     13/99     2.23G   0.03901  0.005598         0   0.04461        25       640    0.8352     0.754    0.8129    0.4209    0.0399  0.007636         0
     14/99     2.23G   0.03764  0.005549         0   0.04319        29       640    0.8304    0.8205    0.8616    0.4658   0.03797  0.007498         0
     15/99     2.23G   0.03764  0.005541         0   0.04318        15       640     0.858    0.7596    0.8452     0.448   0.03826  0.007623         0
     16/99     2.23G   0.03663  0.005314         0   0.04195        27       640    0.7618    0.8659      0.85    0.4424   0.03909  0.007063         0
     17/99     2.23G   0.03648  0.005124         0   0.04161        20       640    0.8356    0.8162    0.8601    0.4756   0.03629   0.00687         0
     18/99     2.23G    0.0362  0.005014         0   0.04122        12       640    0.8322    0.8142    0.8576     0.473   0.03736  0.006899         0
     19/99     2.23G   0.03512  0.004981         0    0.0401        20       640    0.8522    0.8701    0.8765    0.4701    0.0365  0.006655         0
     20/99     2.23G    0.0353  0.005046         0   0.04035        28       640    0.8532    0.8527     0.884    0.5132   0.03507  0.006421         0
     21/99     2.23G   0.03515  0.004803         0   0.03996        33       640    0.8363    0.8419    0.8603    0.4923   0.03541  0.006491         0
     22/99     2.23G   0.03454  0.004922         0   0.03946        27       640    0.8218    0.8673    0.8736    0.5059    0.0353  0.006273         0
     23/99     2.23G   0.03362  0.004762         0   0.03838        17       640    0.8672    0.8529    0.8824    0.5088   0.03552  0.006068         0
     24/99     2.23G   0.03418  0.004799         0   0.03898        50       640     0.862    0.8504    0.8655    0.4828   0.03538  0.006277         0
     25/99     2.23G   0.03411  0.004711         0   0.03882         7       640    0.8649    0.8527    0.8801    0.5172    0.0346  0.006032         0
     26/99     2.23G   0.03343  0.004597         0   0.03802        30       640    0.8354    0.8722    0.8732    0.5037    0.0344  0.005918         0
     27/99     2.23G   0.03316  0.004675         0   0.03784        19       640    0.8514    0.8575    0.8802    0.5173   0.03388  0.005924         0
     28/99     2.23G   0.03329  0.004475         0   0.03777        41       640    0.8729    0.8776    0.9012    0.5357   0.03368   0.00575         0
     29/99     2.23G   0.03282  0.004629         0   0.03745        47       640    0.8652    0.8518    0.8782     0.509   0.03426  0.005871         0
     30/99     2.23G   0.03272  0.004563         0   0.03728        19       640     0.875    0.8827    0.8902    0.5308   0.03371  0.005663         0
     31/99     2.23G   0.03243  0.004466         0   0.03689        29       640     0.863    0.9064    0.9053    0.5235   0.03392  0.005513         0
     32/99     2.23G    0.0321  0.004535         0   0.03663        27       640    0.8758    0.9014    0.9005    0.5292   0.03322  0.005549         0
     33/99     2.23G   0.03202  0.004448         0   0.03647        35       640    0.8616    0.8827     0.898    0.5212   0.03389  0.005901         0
     34/99     2.23G    0.0315  0.004432         0   0.03593        16       640    0.8616    0.8966    0.9124    0.5255   0.03336  0.005529         0
     35/99     2.23G   0.03129  0.004438         0   0.03573        36       640    0.8811    0.8701    0.8904    0.5236   0.03277  0.005437         0
     36/99     2.23G   0.03109  0.004143         0   0.03523        21       640    0.8787      0.87    0.9022    0.5267   0.03358  0.005641         0
     37/99     2.23G   0.03102  0.004183         0    0.0352        17       640    0.8641    0.8883    0.8981     0.544   0.03213   0.00548         0
     38/99     2.23G   0.03133  0.004317         0   0.03565        29       640    0.8478    0.8906    0.9008    0.5342   0.03376   0.00558         0
     39/99     2.23G   0.03084  0.004247         0   0.03509        33       640    0.8885    0.8735    0.9043    0.5448   0.03263  0.005399         0
     40/99     2.23G   0.03087  0.004186         0   0.03506        22       640    0.8602     0.907    0.9083    0.5447   0.03248  0.005347         0
     41/99     2.23G   0.03044  0.004203         0   0.03464        24       640    0.8896    0.8918    0.9198    0.5588   0.03185  0.005287         0
     42/99     2.23G    0.0304   0.00423         0   0.03463        37       640    0.8723    0.8825    0.8986    0.5394   0.03206  0.005354         0
     43/99     2.23G   0.03004  0.004154         0   0.03419        45       640    0.8947    0.8725      0.92    0.5342   0.03329  0.005334         0
     44/99     2.23G   0.02986  0.004053         0   0.03392        38       640    0.8832    0.8827    0.9154    0.5535   0.03186  0.005209         0
     45/99     2.23G   0.02985   0.00425         0    0.0341        67       640    0.8727    0.9001     0.911    0.5605   0.03167  0.005318         0
     46/99     2.23G   0.02987  0.004185         0   0.03406        26       640    0.8641    0.9145    0.9251     0.571   0.03172  0.005319         0
     47/99     2.23G   0.02984  0.004107         0   0.03395        26       640    0.8845    0.8881    0.9176    0.5677   0.03177  0.005326         0
     48/99     2.23G   0.02933  0.004175         0   0.03351        23       640     0.882     0.898    0.9168    0.5633   0.03175  0.005348         0
     49/99     2.23G   0.02938  0.003947         0   0.03333        25       640     0.862    0.8945    0.9066    0.5532    0.0317  0.005275         0
     50/99     2.23G   0.02936  0.004136         0   0.03349        41       640    0.8825    0.8764    0.9205    0.5704   0.03159  0.005224         0
     51/99     2.23G   0.02915  0.004068         0   0.03322         9       640    0.8769    0.8904    0.9079    0.5578    0.0316  0.005134         0
     52/99     2.23G   0.02843  0.003961         0   0.03239        18       640    0.8846    0.8904    0.9246    0.5722   0.03084  0.005169         0
     53/99     2.23G   0.02827  0.004102         0   0.03238        40       640    0.8689    0.8757    0.9093    0.5556    0.0323  0.005632         0
     54/99     2.23G   0.02905  0.003952         0   0.03301        15       640    0.8677    0.8932    0.9164    0.5623   0.03149  0.005364         0
     55/99     2.23G   0.02854  0.003915         0   0.03245         9       640    0.8796    0.8875    0.9185    0.5576   0.03171  0.005392         0
     56/99     2.23G   0.02854  0.004043         0   0.03258        38       640    0.8796    0.9036    0.9205    0.5746   0.03073  0.005091         0
     57/99     2.23G   0.02841  0.004079         0   0.03249        32       640    0.8844    0.8924    0.9181    0.5701   0.03091  0.005377         0
     58/99     2.23G   0.02848  0.004111         0   0.03259         9       640    0.8961    0.8673    0.9179    0.5734   0.03034  0.005213         0
     59/99     2.23G   0.02833  0.003859         0   0.03219        18       640    0.8777    0.8973    0.9217    0.5774   0.03045  0.005147         0
     60/99     2.23G   0.02808  0.004085         0   0.03217        56       640    0.8765     0.889    0.9178     0.581   0.03005  0.005101         0
     61/99     2.23G   0.02784  0.003952         0   0.03179        16       640    0.8614    0.9071    0.9208    0.5709   0.03031   0.00504         0
     62/99     2.23G   0.02771  0.004048         0   0.03176        33       640    0.9056    0.8729    0.9253    0.5778   0.03063  0.005078         0
     63/99     2.23G   0.02748  0.003897         0   0.03138        17       640    0.9034    0.8757    0.9238    0.5807   0.02988  0.005055         0
     64/99     2.23G    0.0275  0.004001         0    0.0315        12       640    0.8701    0.9169     0.933    0.5913   0.03051  0.005255         0
     65/99     2.23G   0.02729  0.003903         0   0.03119        20       640    0.8708    0.9085    0.9265    0.5864   0.03001  0.005071         0
     66/99     2.23G   0.02758  0.004049         0   0.03163        22       640    0.8911    0.8883    0.9339    0.5918   0.03036  0.005133         0
     67/99     2.23G   0.02776  0.004055         0   0.03182        39       640    0.8772     0.888    0.9221    0.5791   0.03067  0.005205         0
     68/99     2.23G   0.02749  0.003957         0   0.03145         9       640    0.8899    0.8916    0.9282    0.5874   0.03001  0.005201         0
     69/99     2.23G   0.02755  0.003819         0   0.03137        41       640    0.8719    0.9126    0.9349    0.5894   0.02996  0.005063         0
     70/99     2.23G   0.02732  0.003883         0    0.0312        27       640    0.8819    0.9126    0.9308     0.592   0.02985  0.005032         0
     71/99     2.23G   0.02716  0.003944         0   0.03111        21       640    0.8817    0.9056    0.9335    0.5919   0.02974  0.005008         0
     72/99     2.23G   0.02727  0.004024         0   0.03129        20       640    0.8856    0.9028    0.9318    0.5915   0.02993  0.005161         0
     73/99     2.23G   0.02721  0.003927         0   0.03114        22       640    0.8903    0.8953    0.9312    0.5841   0.03005  0.005006         0
     74/99     2.23G   0.02713  0.003855         0   0.03098        14       640    0.8914    0.8966    0.9272    0.5864      0.03  0.005061         0
     75/99     2.23G   0.02682   0.00386         0   0.03068         8       640    0.8862    0.8953     0.924    0.5839   0.02989  0.004997         0
     76/99     2.23G   0.02698  0.003908         0   0.03088        24       640     0.887    0.8994    0.9319    0.5894   0.02968   0.00512         0
     77/99     2.23G   0.02632  0.003805         0   0.03012        14       640    0.8708    0.9239    0.9318    0.5869   0.02933  0.004997         0
     78/99     2.23G    0.0266  0.003835         0   0.03044        33       640    0.8821     0.905     0.931    0.5945   0.02958  0.005023         0
     79/99     2.23G   0.02677  0.003915         0   0.03069        23       640    0.8924     0.898    0.9292    0.5897   0.02917   0.00503         0
     80/99     2.23G   0.02703  0.003938         0   0.03097        29       640     0.879    0.9134    0.9331    0.5964   0.02975  0.005066         0
     81/99     2.23G   0.02708  0.003828         0   0.03091        22       640    0.8892    0.9148    0.9331    0.6003   0.02936  0.005017         0
     82/99     2.23G    0.0265  0.003884         0   0.03039        19       640    0.8921    0.9071    0.9289    0.5953    0.0294  0.005005         0
     83/99     2.23G   0.02698  0.003889         0   0.03087        31       640     0.899    0.9012    0.9293    0.5934   0.02961   0.00505         0
     84/99     2.23G    0.0267  0.003872         0   0.03058        36       640    0.8792    0.9155    0.9342    0.5964   0.02997  0.005169         0
     85/99     2.23G   0.02642  0.003779         0    0.0302         6       640    0.8902    0.9176    0.9364    0.6015   0.02927  0.004953         0
     86/99     2.23G   0.02622  0.003773         0      0.03        20       640     0.875    0.9238     0.934    0.6028    0.0291  0.005034         0
     87/99     2.23G   0.02654  0.003787         0   0.03032        33       640    0.8943    0.9039    0.9338    0.6013   0.02918  0.004979         0
     88/99     2.23G    0.0261  0.003856         0   0.02995        11       640    0.8691    0.9273    0.9327    0.6006   0.02902  0.004936         0
     89/99     2.23G   0.02629  0.003729         0   0.03002        46       640    0.8865    0.9015    0.9324    0.5999   0.02934  0.005059         0
     90/99     2.23G   0.02628  0.003948         0   0.03022        33       640    0.8816    0.9064    0.9327    0.6031   0.02904  0.005043         0
     91/99     2.23G   0.02621  0.003657         0   0.02987        28       640    0.8942    0.9028    0.9299    0.6037   0.02908  0.005068         0
     92/99     2.23G   0.02619  0.003809         0      0.03        36       640    0.8876    0.9106    0.9327       0.6   0.02894  0.005015         0
     93/99     2.23G   0.02605  0.003874         0   0.02993        34       640    0.8844    0.9084    0.9337    0.6065   0.02882  0.005016         0
     94/99     2.23G   0.02636   0.00386         0   0.03022        29       640    0.8889    0.9008    0.9334    0.6032   0.02893  0.005028         0
     95/99     2.23G   0.02582  0.003877         0   0.02969        18       640    0.8736    0.9225    0.9376    0.6073   0.02883  0.005034         0
     96/99     2.23G   0.02569  0.003784         0   0.02948        19       640    0.8863    0.9036    0.9317    0.6037   0.02881  0.005036         0
     97/99     2.23G   0.02563  0.003699         0   0.02933        23       640    0.8887    0.8987    0.9338    0.6036   0.02899  0.005035         0
     98/99     2.23G   0.02603  0.003847         0   0.02988        16       640    0.8783    0.9124    0.9352     0.604   0.02904  0.005062         0
     99/99     2.23G   0.02563  0.003776         0   0.02941        25       640    0.8782    0.9176    0.9339    0.6041   0.02895  0.005031         0
