      0/99     2.19G   0.08174  0.008735         0   0.09048        24       640  0.002976   0.01145 0.0002999 4.149e-05   0.08954   0.01206         0
      1/99     2.24G   0.07283  0.008797         0   0.08163        31       640  0.004637    0.0834 0.0009894 0.0001708   0.08849   0.01145         0
      2/99     2.24G   0.06611  0.009003         0   0.07511        48       640   0.07539   0.07441   0.01748  0.003122   0.07628   0.01239         0
      3/99     2.24G    0.0591   0.01007         0   0.06917        40       640    0.1345    0.3058    0.1108   0.02329   0.06369   0.01288         0
      4/99     2.24G   0.05484  0.009789         0   0.06463        23       640    0.2346    0.4579    0.2049   0.05503   0.05913   0.01196         0
      5/99     2.24G    0.0525  0.009168         0   0.06167        31       640    0.3473    0.4447    0.2845   0.07866    0.0566   0.01174         0
      6/99     2.24G   0.04962  0.009177         0    0.0588        22       640    0.3905    0.4553    0.3541    0.1238   0.05242   0.01153         0
      7/99     2.24G   0.04771  0.008669         0   0.05638        18       640    0.5224    0.5705    0.5435    0.2163   0.05158   0.01067         0
      8/99     2.24G   0.04766  0.007996         0   0.05566        36       640    0.5728     0.536    0.5453    0.2092    0.0528   0.01022         0
      9/99     2.24G   0.04597  0.008107         0   0.05407        20       640    0.6903    0.6353    0.6614    0.2712   0.04943   0.01022         0
     10/99     2.24G   0.04593  0.007366         0    0.0533        48       640    0.7408    0.6394    0.6866    0.2933   0.04837   0.01003         0
     11/99     2.24G   0.04439  0.007266         0   0.05166        25       640    0.7842    0.6827    0.7452     0.329   0.04472  0.009617         0
     12/99     2.24G   0.04215  0.006737         0   0.04888        26       640    0.8279    0.6728    0.7215    0.3406   0.04563  0.009281         0
     13/99     2.24G   0.04197  0.006203         0   0.04818        27       640    0.8094    0.7155    0.7715    0.3817   0.04363  0.009138         0
     14/99     2.24G      0.04  0.006148         0   0.04615        42       640    0.8396    0.7285    0.8014     0.409   0.04095   0.00871         0
     15/99     2.24G   0.03942  0.005973         0   0.04539        33       640    0.7971    0.7259    0.7811    0.3955   0.04119  0.008772         0
     16/99     2.24G   0.03879  0.005724         0   0.04452        44       640    0.8177    0.7547    0.8134    0.4224   0.03927  0.008049         0
     17/99     2.24G   0.03813  0.005581         0   0.04372        15       640    0.8311    0.7404    0.8018    0.4247   0.03886  0.007954         0
     18/99     2.24G   0.03839   0.00564         0   0.04403        44       640    0.8299    0.7277    0.8062    0.4274   0.03809  0.007937         0
     19/99     2.24G   0.03718  0.005299         0   0.04247        17       640    0.7843    0.7758    0.8147    0.4227   0.03866  0.007751         0
     20/99     2.24G   0.03717  0.005227         0    0.0424        27       640    0.8331    0.7797    0.8369    0.4659   0.03704  0.007617         0
     21/99     2.24G   0.03564  0.005247         0   0.04088        18       640    0.8098    0.7751     0.823     0.457   0.03642   0.00727         0
     22/99     2.24G   0.03627  0.005127         0    0.0414        36       640    0.8101    0.8062    0.8471    0.4762   0.03708  0.007381         0
     23/99     2.24G   0.03595  0.005301         0   0.04125        31       640    0.8287     0.811    0.8452    0.4755   0.03654  0.007164         0
     24/99     2.24G   0.03535   0.00504         0   0.04039        72       640    0.7516    0.8463    0.8282    0.4692   0.03639  0.007163         0
     25/99     2.24G   0.03463   0.00506         0   0.03969        40       640    0.8326    0.8258    0.8424    0.4729   0.03619  0.007048         0
     26/99     2.24G   0.03421   0.00505         0   0.03926        31       640    0.8306    0.8463    0.8605    0.5023   0.03457  0.006972         0
     27/99     2.24G   0.03412  0.004935         0   0.03905        14       640     0.858    0.8111    0.8633    0.4908   0.03611  0.006876         0
     28/99     2.24G   0.03374  0.004836         0   0.03858        31       640    0.8401    0.8462    0.8641    0.4867   0.03471  0.006669         0
     29/99     2.24G   0.03276  0.004805         0   0.03757        44       640    0.8307    0.8512    0.8579    0.4935   0.03443  0.006507         0
     30/99     2.24G   0.03334  0.004632         0   0.03797        43       640    0.8673    0.8234     0.862     0.493   0.03507  0.006479         0
     31/99     2.24G   0.03342  0.004635         0   0.03805         7       640    0.8541    0.8217    0.8574    0.5034   0.03508  0.006597         0
     32/99     2.24G   0.03272  0.004828         0   0.03755        36       640    0.8474    0.8306    0.8651    0.4945   0.03451  0.006225         0
     33/99     2.24G   0.03253  0.004697         0   0.03723        48       640    0.8622    0.8242    0.8599    0.4915   0.03515  0.006459         0
     34/99     2.24G   0.03229  0.004572         0   0.03686        32       640    0.7989    0.8594    0.8444    0.4783   0.03505  0.006497         0
     35/99     2.24G   0.03326   0.00458         0   0.03784        25       640    0.8512    0.8569    0.8806    0.5158    0.0341    0.0062         0
     36/99     2.24G   0.03184  0.004606         0   0.03644        66       640     0.835    0.8577    0.8681    0.5036    0.0343   0.00617         0
     37/99     2.24G   0.03192  0.004539         0   0.03646        19       640    0.8393    0.8635     0.878    0.5201   0.03361  0.006224         0
     38/99     2.24G   0.03165  0.004442         0    0.0361        31       640     0.847    0.8348     0.865    0.5082   0.03365  0.006014         0
     39/99     2.24G   0.03213  0.004583         0   0.03671        38       640    0.8392    0.8635    0.8768    0.5229   0.03367  0.006143         0
     40/99     2.24G   0.03181  0.004554         0   0.03637        33       640    0.8818     0.825    0.8692    0.5208   0.03403  0.006226         0
     41/99     2.24G   0.03104  0.004458         0    0.0355        29       640    0.8463    0.8291    0.8689    0.5131   0.03455  0.006146         0
     42/99     2.24G   0.03098  0.004314         0    0.0353        45       640    0.8538    0.8381    0.8792    0.5229   0.03433  0.006217         0
     43/99     2.24G   0.03044  0.004237         0   0.03468        66       640    0.8484    0.8569    0.8729    0.5206   0.03318  0.005891         0
     44/99     2.24G   0.03095  0.004418         0   0.03537        38       640      0.88    0.8634    0.8931    0.5327   0.03361   0.00601         0
     45/99     2.24G   0.03078  0.004526         0   0.03531        29       640    0.8563    0.8673    0.8975    0.5363   0.03297  0.005824         0
     46/99     2.24G   0.03062  0.004393         0   0.03501        22       640    0.8783    0.8667    0.8931    0.5355   0.03335  0.005984         0
     47/99     2.24G   0.03039  0.004324         0   0.03472        17       640    0.8763    0.8576    0.8972     0.548   0.03285  0.005898         0
     48/99     2.24G   0.03003  0.004213         0   0.03424        31       640    0.8679    0.8569    0.8944    0.5412   0.03263  0.005875         0
     49/99     2.24G   0.02951  0.004318         0   0.03383         9       640    0.8766    0.8749    0.8973    0.5445   0.03227  0.005877         0
     50/99     2.24G   0.02957  0.004095         0   0.03367        23       640    0.8791     0.874     0.909    0.5496    0.0326  0.005722         0
     51/99     2.24G   0.03002  0.004262         0   0.03428        46       640     0.857    0.8527    0.8872    0.5327   0.03271  0.005821         0
     52/99     2.24G   0.03043   0.00423         0   0.03466        18       640    0.8831    0.8651    0.9114    0.5509   0.03249  0.005891         0
     53/99     2.24G    0.0295  0.004069         0   0.03357        14       640    0.8666    0.8872    0.9129    0.5535    0.0327   0.00582         0
     54/99     2.24G   0.02952  0.004148         0   0.03367        26       640    0.8821    0.8577    0.9056    0.5454   0.03282  0.005844         0
     55/99     2.24G   0.02964  0.004214         0   0.03385        14       640     0.872    0.8479    0.9004    0.5579   0.03201  0.005763         0
     56/99     2.24G   0.02997  0.004166         0   0.03413        38       640    0.8836    0.8625    0.9101    0.5503   0.03325  0.005857         0
     57/99     2.24G   0.02892   0.00422         0   0.03314        74       640    0.8725    0.8512    0.8971    0.5358   0.03312  0.005916         0
     58/99     2.24G   0.02887  0.004333         0    0.0332        17       640    0.8716    0.8822    0.9149    0.5613   0.03207  0.005722         0
     59/99     2.24G   0.02922  0.004034         0   0.03325        45       640    0.8675     0.883    0.9167    0.5553   0.03226  0.005814         0
     60/99     2.24G   0.02866   0.00415         0   0.03281        31       640    0.8691    0.8798    0.9126    0.5585   0.03203  0.005838         0
     61/99     2.24G   0.02899   0.00407         0   0.03306        27       640    0.8702    0.8896    0.9134    0.5678   0.03136  0.005732         0
     62/99     2.24G   0.02829  0.004041         0   0.03233        18       640     0.886    0.8708    0.9174    0.5635   0.03169  0.005641         0
     63/99     2.24G   0.02826  0.004072         0   0.03233        51       640    0.8704    0.8904    0.9194    0.5667    0.0311  0.005598         0
     64/99     2.24G   0.02832  0.004167         0   0.03248        46       640    0.8834    0.8741    0.9097     0.561   0.03114  0.005699         0
     65/99     2.24G   0.02866  0.004074         0   0.03273        66       640    0.8757    0.8823    0.9174    0.5697   0.03139  0.005695         0
     66/99     2.24G   0.02845  0.003972         0   0.03242        37       640      0.89    0.8741    0.9187    0.5789   0.03123  0.005565         0
     67/99     2.24G   0.02835  0.004189         0   0.03254        44       640    0.8965    0.8708    0.9238    0.5744   0.03104  0.005519         0
     68/99     2.24G   0.02776  0.003957         0   0.03171        43       640    0.8558    0.9027    0.9203    0.5784   0.03091  0.005594         0
     69/99     2.24G   0.02777  0.003797         0   0.03157        23       640    0.8807    0.8749    0.9198    0.5756   0.03116  0.005714         0
     70/99     2.24G   0.02775  0.004145         0    0.0319        29       640    0.8647    0.8847     0.919    0.5753   0.03093  0.005639         0
     71/99     2.24G   0.02835  0.004105         0   0.03245        34       640    0.8737    0.8822    0.9168     0.573   0.03098  0.005672         0
     72/99     2.24G   0.02767  0.004041         0   0.03171        24       640    0.8947    0.8618    0.9223    0.5745   0.03108   0.00553         0
     73/99     2.24G    0.0273  0.004039         0   0.03134        15       640    0.9001     0.855    0.9273     0.581   0.03099  0.005673         0
     74/99     2.24G   0.02741  0.004178         0   0.03159        39       640    0.8971    0.8699    0.9287    0.5802   0.03068  0.005514         0
     75/99     2.24G   0.02786  0.004078         0   0.03194        24       640     0.887    0.8861    0.9318    0.5908   0.03074  0.005567         0
     76/99     2.24G   0.02766  0.004039         0    0.0317        78       640    0.8871    0.8739    0.9269    0.5821   0.03058   0.00558         0
     77/99     2.24G   0.02742  0.003956         0   0.03138        30       640    0.8871    0.8806    0.9272    0.5829   0.03056  0.005472         0
     78/99     2.24G   0.02745  0.004002         0   0.03145        29       640    0.8723    0.8937    0.9267    0.5895   0.03078  0.005489         0
     79/99     2.24G   0.02701   0.00381         0   0.03082        27       640    0.8916    0.8672    0.9281    0.5832   0.03042  0.005641         0
     80/99     2.24G   0.02699  0.004103         0    0.0311        31       640    0.8956    0.8561    0.9239    0.5845    0.0305  0.005587         0
     81/99     2.24G    0.0277  0.004105         0    0.0318        41       640    0.8975     0.861    0.9247    0.5852   0.03053  0.005666         0
     82/99     2.24G   0.02657  0.003974         0   0.03054        44       640    0.8748    0.8921    0.9308    0.5941   0.03017  0.005542         0
     83/99     2.24G     0.027  0.003949         0   0.03095        28       640     0.889    0.8714    0.9306    0.5931   0.03025  0.005564         0
     84/99     2.24G   0.02743  0.004115         0   0.03154        28       640    0.8935    0.8782    0.9353    0.5952   0.03048  0.005614         0
     85/99     2.24G   0.02772  0.003964         0   0.03168        26       640    0.8969    0.8684    0.9315    0.5912   0.03014  0.005577         0
     86/99     2.24G    0.0271  0.003891         0   0.03099        16       640    0.8771    0.8823    0.9264    0.5916   0.03006  0.005571         0
     87/99     2.24G   0.02667  0.004116         0   0.03079        39       640     0.886    0.8642    0.9296    0.5942   0.03004  0.005616         0
     88/99     2.24G   0.02635  0.003899         0   0.03025        48       640    0.8815    0.8757    0.9272     0.592   0.03004  0.005582         0
     89/99     2.24G   0.02695  0.003998         0   0.03095        23       640    0.9003    0.8568    0.9251    0.5843   0.03006  0.005683         0
     90/99     2.24G   0.02666  0.003824         0   0.03048        23       640    0.8865    0.8757     0.931    0.5905   0.03022  0.005482         0
     91/99     2.24G    0.0266  0.004013         0   0.03061        55       640    0.8895    0.8594    0.9265    0.5883   0.03015  0.005558         0
     92/99     2.24G   0.02686  0.003763         0   0.03063        25       640    0.8942    0.8643    0.9291    0.5929   0.02999  0.005534         0
     93/99     2.24G    0.0266  0.003992         0    0.0306        19       640    0.8761     0.879    0.9219    0.5879      0.03  0.005631         0
     94/99     2.24G   0.02644  0.003869         0   0.03031        18       640    0.8805    0.8765    0.9274    0.5961   0.03003  0.005581         0
     95/99     2.24G   0.02708  0.004088         0   0.03117        37       640    0.8846    0.8716    0.9239    0.5885   0.02982  0.005551         0
     96/99     2.24G    0.0262  0.003928         0   0.03013        36       640    0.8841    0.8798    0.9288     0.591   0.03003  0.005535         0
     97/99     2.24G   0.02653   0.00393         0   0.03046        46       640    0.8949    0.8716    0.9308    0.5927   0.02991  0.005531         0
     98/99     2.24G   0.02658  0.003791         0   0.03037        25       640    0.8903    0.8822    0.9347     0.593    0.0299  0.005547         0
     99/99     2.24G   0.02669  0.004036         0   0.03072        58       640    0.8834    0.8797    0.9291    0.5869   0.02989  0.005515         0
