      0/99     2.19G   0.08213   0.01235         0   0.09448        12       640 0.0004112   0.04609 2.272e-05  2.89e-06    0.1038   0.01649         0
      1/99     2.23G    0.0754   0.01236         0   0.08775        17       640   0.00302   0.05726 0.0004284 7.066e-05    0.1019   0.01613         0
      2/99     2.23G   0.07014   0.01265         0   0.08279        13       640  0.006126   0.02584 0.0008912 0.0001452   0.08783   0.01726         0
      3/99     2.23G   0.06569   0.01267         0   0.07836        10       640  0.007525   0.08101  0.001268 0.0001999    0.0863    0.0168         0
      4/99     2.23G   0.06018   0.01325         0   0.07342        11       640   0.05695   0.07751    0.0113    0.0019   0.07123   0.01854         0
      5/99     2.23G   0.05421   0.01382         0   0.06803        19       640    0.1527     0.192   0.07923   0.01473   0.06428   0.01825         0
      6/99     2.23G   0.05018   0.01331         0   0.06349        12       640    0.2775    0.3813    0.2314   0.05716    0.0588   0.01714         0
      7/99     2.23G   0.04866   0.01216         0   0.06081        13       640     0.394    0.3506    0.3189   0.09364   0.05673   0.01631         0
      8/99     2.23G   0.04614   0.01153         0   0.05768        14       640    0.5074    0.5342    0.5102    0.1873   0.05301   0.01576         0
      9/99     2.23G   0.04384   0.01093         0   0.05477        23       640     0.667    0.5329    0.6033    0.2523   0.04972   0.01521         0
     10/99     2.23G   0.04141   0.01033         0   0.05174        12       640    0.7165    0.6068    0.6895    0.2923   0.04891   0.01446         0
     11/99     2.23G   0.04017   0.01007         0   0.05023        22       640    0.7615    0.6311    0.7203    0.3332    0.0462   0.01398         0
     12/99     2.23G   0.03888   0.00974         0   0.04862         8       640    0.7731    0.6732    0.7548    0.3528   0.04513   0.01348         0
     13/99     2.23G   0.03793  0.009215         0   0.04715        18       640    0.7842    0.7535    0.7924    0.3735   0.04494   0.01322         0
     14/99     2.23G   0.03722  0.008938         0   0.04616        22       640     0.729    0.7854    0.7872    0.3837   0.04325   0.01284         0
     15/99     2.23G   0.03629  0.008482         0   0.04477        15       640    0.7945    0.7722    0.8024    0.3574   0.04425   0.01244         0
     16/99     2.23G   0.03558  0.008095         0   0.04368        14       640    0.8246    0.7786     0.823    0.4213   0.04227   0.01216         0
     17/99     2.23G   0.03529  0.008129         0   0.04342        15       640    0.8201    0.7992    0.8342    0.4321   0.04074   0.01196         0
     18/99     2.23G   0.03494  0.007823         0   0.04276        10       640    0.8261    0.8115    0.8424    0.4384   0.04005    0.0118         0
     19/99     2.23G    0.0343  0.007661         0   0.04196        22       640    0.8321    0.8073    0.8402    0.4364    0.0405   0.01151         0
     20/99     2.23G   0.03371  0.007537         0   0.04125        14       640    0.8483    0.8087    0.8517    0.4621   0.03887   0.01137         0
     21/99     2.23G   0.03341  0.007391         0    0.0408        14       640    0.8173    0.8373    0.8544    0.4572   0.03881   0.01126         0
     22/99     2.23G   0.03355   0.00727         0   0.04082        13       640    0.8537    0.8275    0.8653    0.4714   0.03823   0.01097         0
     23/99     2.23G   0.03276  0.007156         0   0.03992        17       640    0.8287    0.8344     0.854    0.4506   0.03872   0.01089         0
     24/99     2.23G   0.03242  0.006984         0   0.03941        12       640    0.8596    0.8359     0.869    0.4802   0.03731   0.01072         0
     25/99     2.23G   0.03219  0.006937         0   0.03912        21       640    0.8569    0.8408    0.8672    0.4836   0.03666   0.01069         0
     26/99     2.23G    0.0319  0.006708         0    0.0386        14       640    0.8456    0.8455    0.8689     0.483   0.03703   0.01036         0
     27/99     2.23G   0.03133  0.006707         0   0.03804        13       640    0.8531    0.8603    0.8828    0.4917   0.03656   0.01021         0
     28/99     2.23G   0.03136  0.006412         0   0.03778        16       640    0.8395    0.8631    0.8783    0.4965   0.03572   0.01014         0
     29/99     2.23G   0.03095  0.006598         0   0.03755        14       640     0.862    0.8617    0.8802    0.4987   0.03571   0.01001         0
     30/99     2.23G   0.03121  0.006422         0   0.03764        11       640    0.8632    0.8561    0.8849    0.5009   0.03548  0.009891         0
     31/99     2.23G    0.0309  0.006369         0   0.03727        17       640    0.8596    0.8624    0.8853     0.504    0.0354  0.009822         0
     32/99     2.23G   0.03047  0.006285         0   0.03675        16       640    0.8541    0.8547    0.8864    0.5111   0.03502  0.009562         0
     33/99     2.23G   0.03059  0.006198         0   0.03679        19       640    0.8686    0.8588    0.8821    0.5099   0.03512  0.009638         0
     34/99     2.23G   0.03037  0.006081         0   0.03645        16       640    0.8544    0.8609    0.8857     0.505   0.03496  0.009518         0
     35/99     2.23G   0.03008  0.006008         0   0.03609        22       640    0.8658     0.875    0.8922    0.5222   0.03458  0.009335         0
     36/99     2.23G   0.03016  0.005997         0   0.03615        12       640    0.8639    0.8771    0.8949    0.5168   0.03475  0.009232         0
     37/99     2.23G   0.02992   0.00597         0   0.03589        11       640    0.8679    0.8764    0.9017    0.5252   0.03416    0.0091         0
     38/99     2.23G   0.02931  0.005942         0   0.03525        14       640    0.8623    0.8834    0.8984      0.52   0.03414  0.009044         0
     39/99     2.23G   0.02931  0.005885         0   0.03519        18       640     0.869    0.8756    0.8942    0.5216   0.03421  0.009094         0
     40/99     2.23G   0.02942  0.005808         0   0.03523        11       640    0.8679    0.8763    0.9002     0.528    0.0336  0.008972         0
     41/99     2.23G   0.02932  0.005788         0   0.03511        18       640    0.8664    0.8784    0.8963     0.528   0.03345   0.00883         0
     42/99     2.23G   0.02892   0.00577         0   0.03469        27       640    0.8748    0.8783    0.9003    0.5285   0.03375  0.008731         0
     43/99     2.23G   0.02892  0.005707         0   0.03462        18       640    0.8585    0.8979    0.9036    0.5284   0.03312  0.008714         0
     44/99     2.23G   0.02912  0.005708         0   0.03483        19       640    0.8738     0.875    0.9042    0.5331   0.03312  0.008663         0
     45/99     2.23G   0.02861  0.005607         0   0.03422        15       640    0.8765    0.8868    0.9067    0.5334   0.03326  0.008694         0
     46/99     2.23G   0.02865  0.005623         0   0.03427        20       640    0.8815    0.8831    0.9061    0.5341   0.03265  0.008487         0
     47/99     2.23G     0.029  0.005521         0   0.03452        11       640    0.8786    0.8847    0.9064    0.5388   0.03279  0.008419         0
     48/99     2.23G   0.02861  0.005552         0   0.03416        15       640    0.8835    0.8799    0.9033    0.5382   0.03319  0.008552         0
     49/99     2.23G   0.02825  0.005436         0   0.03369        17       640     0.881    0.8855    0.9058    0.5431   0.03248  0.008454         0
     50/99     2.23G   0.02815  0.005488         0   0.03363        20       640    0.8716    0.8819    0.9039    0.5395   0.03294  0.008444         0
     51/99     2.23G   0.02832  0.005419         0   0.03374        17       640    0.8798    0.8771    0.9035    0.5357   0.03282  0.008237         0
     52/99     2.23G   0.02846  0.005376         0   0.03383        17       640    0.8889     0.872    0.9083    0.5442   0.03239  0.008302         0
     53/99     2.23G   0.02855  0.005285         0   0.03383        13       640    0.8883    0.8722    0.9098      0.55   0.03228  0.008225         0
     54/99     2.23G   0.02801  0.005263         0   0.03327        12       640    0.8743    0.8887    0.9088    0.5463   0.03218  0.008226         0
     55/99     2.23G   0.02821  0.005279         0   0.03349        14       640    0.8908     0.875    0.9121    0.5497   0.03268  0.008202         0
     56/99     2.23G   0.02794  0.005276         0   0.03321        22       640    0.8534    0.9113    0.9094    0.5503   0.03238  0.008213         0
     57/99     2.23G   0.02742  0.005301         0   0.03272        21       640    0.8957    0.8638    0.9111    0.5479   0.03253  0.008207         0
     58/99     2.23G   0.02738  0.005237         0   0.03262        14       640    0.8655    0.9036    0.9118    0.5503   0.03229  0.008227         0
     59/99     2.23G   0.02767  0.005147         0   0.03282        21       640    0.9029    0.8706    0.9142     0.553   0.03232  0.008142         0
     60/99     2.23G   0.02775  0.005155         0   0.03291        15       640    0.9054    0.8687    0.9136    0.5543    0.0325  0.008192         0
     61/99     2.23G   0.02747  0.005223         0    0.0327        16       640    0.8984    0.8715    0.9126    0.5571   0.03194  0.008139         0
     62/99     2.23G   0.02742  0.005131         0   0.03255        20       640    0.8835    0.8895     0.914    0.5528   0.03213  0.008088         0
     63/99     2.23G   0.02716  0.005204         0   0.03236        16       640    0.8946    0.8841    0.9151    0.5582   0.03176  0.008065         0
     64/99     2.23G    0.0272  0.005117         0   0.03231        14       640    0.9077    0.8721    0.9132    0.5596   0.03182  0.008088         0
     65/99     2.23G   0.02776  0.005093         0   0.03285        14       640    0.9031    0.8876    0.9183    0.5587    0.0316  0.008034         0
     66/99     2.23G   0.02716  0.005285         0   0.03245        20       640    0.9098    0.8743    0.9171    0.5632   0.03178  0.008044         0
     67/99     2.23G    0.0271  0.005117         0   0.03222        24       640    0.8789    0.8973    0.9121    0.5554   0.03181  0.007978         0
     68/99     2.23G   0.02718  0.005101         0   0.03228        14       640    0.8984    0.8785    0.9106     0.553   0.03186  0.008002         0
     69/99     2.23G   0.02733  0.005244         0   0.03257        21       640     0.878    0.8993    0.9147    0.5614   0.03175  0.008023         0
     70/99     2.23G   0.02668  0.005037         0   0.03171        14       640    0.9011    0.8785     0.913    0.5555   0.03146  0.007951         0
     71/99     2.23G   0.02668  0.005045         0   0.03172        10       640    0.9144    0.8728    0.9155    0.5646   0.03151  0.007942         0
     72/99     2.23G   0.02712  0.005151         0   0.03227        27       640    0.9096    0.8785    0.9171    0.5632   0.03155  0.007963         0
     73/99     2.23G   0.02703  0.005208         0   0.03224        13       640    0.9012    0.8869    0.9194    0.5633   0.03124  0.007909         0
     74/99     2.23G   0.02712  0.005085         0   0.03221        22       640    0.8933    0.8959    0.9165     0.562   0.03144  0.007928         0
     75/99     2.23G    0.0268  0.005176         0   0.03197        15       640    0.8803    0.9042    0.9158    0.5624   0.03122  0.007939         0
     76/99     2.23G   0.02652  0.005007         0   0.03152        20       640    0.9048    0.8826    0.9163    0.5618   0.03168  0.007993         0
     77/99     2.23G   0.02652  0.005131         0   0.03166        13       640    0.8992    0.8862    0.9156    0.5651   0.03153  0.007935         0
     78/99     2.23G   0.02664  0.005007         0   0.03164        16       640    0.8974    0.8813    0.9138    0.5631   0.03133  0.007942         0
     79/99     2.23G    0.0269   0.00515         0   0.03205        21       640     0.905    0.8777    0.9158    0.5653   0.03138  0.007889         0
     80/99     2.23G   0.02642  0.005045         0   0.03146        23       640    0.9034    0.8881    0.9179    0.5641   0.03135  0.007884         0
     81/99     2.23G    0.0268  0.005098         0   0.03189        27       640    0.8986    0.8916    0.9184     0.569   0.03136  0.007922         0
     82/99     2.23G    0.0263  0.004924         0   0.03122        20       640    0.8945    0.8946    0.9187    0.5639   0.03134  0.007837         0
     83/99     2.23G   0.02655  0.005042         0    0.0316        23       640    0.8904    0.8964    0.9167    0.5675   0.03104  0.007873         0
     84/99     2.23G   0.02643  0.005121         0   0.03155        19       640    0.8999    0.8916    0.9205    0.5701   0.03118  0.007898         0
     85/99     2.23G   0.02675  0.005082         0   0.03183        13       640    0.8811    0.9057    0.9174    0.5672   0.03103  0.007827         0
     86/99     2.23G   0.02636  0.004895         0   0.03125        11       640    0.8883    0.8994    0.9175    0.5708   0.03087   0.00788         0
     87/99     2.23G   0.02656  0.005044         0    0.0316        25       640    0.9029    0.8841    0.9181    0.5677   0.03123  0.007835         0
     88/99     2.23G   0.02617  0.005062         0   0.03124        17       640    0.8906    0.8923    0.9172    0.5699   0.03097  0.007826         0
     89/99     2.23G   0.02643   0.00499         0   0.03142        25       640    0.9005    0.8847    0.9165    0.5661    0.0316  0.007895         0
     90/99     2.23G   0.02665  0.005042         0   0.03169        18       640    0.9045     0.882    0.9166    0.5657    0.0312  0.007806         0
     91/99     2.23G    0.0262  0.004972         0   0.03118        14       640    0.9059    0.8813    0.9187    0.5687   0.03102  0.007791         0
     92/99     2.23G   0.02638  0.004971         0   0.03135        18       640    0.9108    0.8775    0.9173    0.5685   0.03101  0.007777         0
     93/99     2.23G   0.02623  0.005022         0   0.03126        12       640    0.9067    0.8819    0.9179    0.5701   0.03087  0.007772         0
     94/99     2.23G   0.02655  0.005066         0   0.03162        14       640    0.8961    0.8939    0.9201    0.5717   0.03118  0.007824         0
     95/99     2.23G   0.02631  0.004922         0   0.03123        16       640    0.9118    0.8811    0.9194    0.5716   0.03093  0.007805         0
     96/99     2.23G    0.0264  0.005006         0    0.0314        10       640    0.9103    0.8792    0.9169    0.5689   0.03085  0.007793         0
     97/99     2.23G   0.02622  0.004977         0    0.0312        20       640    0.9025    0.8855     0.917    0.5716   0.03086  0.007764         0
     98/99     2.23G   0.02651  0.004943         0   0.03145        15       640    0.9136    0.8792    0.9214    0.5729   0.03088  0.007813         0
     99/99     2.23G   0.02642  0.004966         0   0.03139        15       640      0.91    0.8834    0.9215    0.5715   0.03086  0.007759         0
